# induziere DimLexes

aus 
(a) DimLexes
(b) ACoLi Dict Graph


ACoLi Dict Graph, FreeDict
	# de => it, -rel=4
			# $FD/de-en/*.tsv.gz \
			# $FD/de-fr/*.tsv.gz \
			# $FD/de-nl/*.tsv.gz \
			# $FD/de-pl/*.tsv.gz \
			# $FD/de-sv/*.tsv.gz \
			# $FD/en-it/*.tsv.gz \
			# $FD/fr-it/*.tsv.gz \
			# $FD/nl-it/*.tsv.gz \
			# $FD/pl-it/*.tsv.gz \
			# $FD/sv-it/*.tsv.gz
0.0 14 297 57 0.05 0.2 0.07 55 771 20 0.07 0.73 0.12
0.0 14 297 57 0.05 0.2 0.07 55 771 20 0.07 0.73 0.12
0.11 14 74 57 0.16 0.2 0.18 33 83 42 0.28 0.44 0.35
0.37 14 1 57 0.93 0.2 0.33 5 1 70 0.83 0.07 0.12
0.57 14 0 57 1.0 0.2 0.33 0 0 75 0.0 0.0 0.0
0.57 14 0 57 1.0 0.2 0.33 0 0 75 0.0 0.0 0.0

	# -rel=2
0.0 26 297 45 0.08 0.37 0.13 60 520 19 0.1 0.76 0.18
0.0 26 297 45 0.08 0.37 0.13 60 520 19 0.1 0.76 0.18
0.16 26 64 45 0.29 0.37 0.32 34 66 45 0.34 0.43 0.38
0.57 26 0 45 1.0 0.37 0.54 2 0 77 1.0 0.03 0.05
0.57 26 0 45 1.0 0.37 0.54 2 0 77 1.0 0.03 0.05
0.57 26 0 45 1.0 0.37 0.54 2 0 77 1.0 0.03 0.05
